{
 "cells": [
  {
   "cell_type": "code",
   "execution_count": null,
   "metadata": {
    "colab": {
     "base_uri": "https://localhost:8080/"
    },
    "id": "GrSaII3jj0oS",
    "outputId": "9726f0bf-32b2-49d7-ff6c-683037f1f8c8"
   },
   "outputs": [],
   "source": [
    "!pip install category_encoders\n",
    "from category_encoders import TargetEncoder\n",
    "import pandas as pd\n",
    "from sklearn.ensemble import RandomForestRegressor\n",
    "from sklearn.model_selection import GridSearchCV\n",
    "from sklearn.metrics import r2_score, mean_squared_error\n",
    "from sklearn.preprocessing import StandardScaler\n",
    "from sklearn.svm import SVR\n",
    "from sklearn import linear_model\n",
    "from plotly import graph_objs, figure_factory\n",
    "import statsmodels.api as sm\n",
    "\n",
    "CO2 = pd.read_csv('/content/drive/MyDrive/CO2 Emissions_Canada.csv')\n",
    "CO2.info()"
   ]
  },
  {
   "cell_type": "code",
   "execution_count": null,
   "metadata": {
    "colab": {
     "base_uri": "https://localhost:8080/"
    },
    "id": "sVHE4W0LCK5z",
    "outputId": "ff6cfb20-d0fe-4302-881c-1fcd4de97048"
   },
   "outputs": [
    {
     "name": "stdout",
     "output_type": "stream",
     "text": [
      "2053\n"
     ]
    }
   ],
   "source": [
    "print(CO2['Model'].nunique())\n",
    "CO2_1 = CO2.drop('Model', axis=1)"
   ]
  },
  {
   "cell_type": "code",
   "execution_count": null,
   "metadata": {
    "colab": {
     "base_uri": "https://localhost:8080/"
    },
    "id": "VCizKt2_fi1_",
    "outputId": "60a3fc28-aa09-417a-8169-4bfcd204edcf"
   },
   "outputs": [
    {
     "name": "stdout",
     "output_type": "stream",
     "text": [
      "(7385, 10)\n",
      "(7385,)\n"
     ]
    }
   ],
   "source": [
    "X_TE = CO2_1.drop(['CO2 Emissions(g/km)'], axis = 1)\n",
    "Y = CO2_1['CO2 Emissions(g/km)']\n",
    "print(X_TE.shape)\n",
    "print(Y.shape)"
   ]
  },
  {
   "cell_type": "code",
   "execution_count": null,
   "metadata": {
    "colab": {
     "base_uri": "https://localhost:8080/"
    },
    "id": "1ycL_d4IeoX1",
    "outputId": "ddda91b0-73b5-4891-a398-0c086ddde200"
   },
   "outputs": [
    {
     "name": "stdout",
     "output_type": "stream",
     "text": [
      "42\n",
      "27\n",
      "16\n",
      "42\n",
      "27\n",
      "16\n"
     ]
    }
   ],
   "source": [
    "print(X_TE['Make'].nunique())\n",
    "print(X_TE['Transmission'].nunique())\n",
    "print(X_TE['Vehicle Class'].nunique())\n",
    "Target_Encoder = TargetEncoder(cols=['Make', 'Transmission', 'Vehicle Class']).fit(X_TE,Y)\n",
    "X_TE = Target_Encoder.transform(X_TE)\n",
    "print(X_TE['Make'].nunique())\n",
    "print(X_TE['Transmission'].nunique())\n",
    "print(X_TE['Vehicle Class'].nunique())"
   ]
  },
  {
   "cell_type": "code",
   "execution_count": null,
   "metadata": {
    "colab": {
     "base_uri": "https://localhost:8080/"
    },
    "id": "BmzlZUXzllOd",
    "outputId": "7a9cc5ba-50ab-4eaf-c95a-b274428c150d"
   },
   "outputs": [
    {
     "name": "stdout",
     "output_type": "stream",
     "text": [
      "<class 'pandas.core.frame.DataFrame'>\n",
      "RangeIndex: 7385 entries, 0 to 7384\n",
      "Data columns (total 14 columns):\n",
      " #   Column                            Non-Null Count  Dtype  \n",
      "---  ------                            --------------  -----  \n",
      " 0   Make                              7385 non-null   float64\n",
      " 1   Vehicle Class                     7385 non-null   float64\n",
      " 2   Engine Size(L)                    7385 non-null   float64\n",
      " 3   Cylinders                         7385 non-null   int64  \n",
      " 4   Transmission                      7385 non-null   float64\n",
      " 5   Fuel Consumption City (L/100 km)  7385 non-null   float64\n",
      " 6   Fuel Consumption Hwy (L/100 km)   7385 non-null   float64\n",
      " 7   Fuel Consumption Comb (L/100 km)  7385 non-null   float64\n",
      " 8   Fuel Consumption Comb (mpg)       7385 non-null   int64  \n",
      " 9   Fuel Type_D                       7385 non-null   int64  \n",
      " 10  Fuel Type_E                       7385 non-null   int64  \n",
      " 11  Fuel Type_N                       7385 non-null   int64  \n",
      " 12  Fuel Type_X                       7385 non-null   int64  \n",
      " 13  Fuel Type_Z                       7385 non-null   int64  \n",
      "dtypes: float64(7), int64(7)\n",
      "memory usage: 807.9 KB\n"
     ]
    }
   ],
   "source": [
    "X_TE2 = pd.get_dummies(X_TE, ['Fuel Type'], dtype=int)\n",
    "X_TE2.info()"
   ]
  },
  {
   "cell_type": "code",
   "execution_count": null,
   "metadata": {
    "colab": {
     "base_uri": "https://localhost:8080/",
     "height": 542
    },
    "id": "bV0pmXsg29QO",
    "outputId": "7cd4297d-fbf2-4776-bf8e-dbc21948bf6d"
   },
   "outputs": [
    {
     "data": {
      "text/html": [
       "<html>\n",
       "<head><meta charset=\"utf-8\" /></head>\n",
       "<body>\n",
       "    <div>            <script src=\"https://cdnjs.cloudflare.com/ajax/libs/mathjax/2.7.5/MathJax.js?config=TeX-AMS-MML_SVG\"></script><script type=\"text/javascript\">if (window.MathJax && window.MathJax.Hub && window.MathJax.Hub.Config) {window.MathJax.Hub.Config({SVG: {font: \"STIX-Web\"}});}</script>                <script type=\"text/javascript\">window.PlotlyConfig = {MathJaxConfig: 'local'};</script>\n",
       "        <script charset=\"utf-8\" src=\"https://cdn.plot.ly/plotly-2.24.1.min.js\"></script>                <div id=\"5b261ecf-f9d0-4797-ac97-e9bc084edac9\" class=\"plotly-graph-div\" style=\"height:525px; width:100%;\"></div>            <script type=\"text/javascript\">                                    window.PLOTLYENV=window.PLOTLYENV || {};                                    if (document.getElementById(\"5b261ecf-f9d0-4797-ac97-e9bc084edac9\")) {                    Plotly.newPlot(                        \"5b261ecf-f9d0-4797-ac97-e9bc084edac9\",                        [{\"colorscale\":[[0.0,\"#0d0887\"],[0.1111111111111111,\"#46039f\"],[0.2222222222222222,\"#7201a8\"],[0.3333333333333333,\"#9c179e\"],[0.4444444444444444,\"#bd3786\"],[0.5555555555555556,\"#d8576b\"],[0.6666666666666666,\"#ed7953\"],[0.7777777777777778,\"#fb9f3a\"],[0.8888888888888888,\"#fdca26\"],[1.0,\"#f0f921\"]],\"reversescale\":false,\"showscale\":true,\"x\":[\"Make\",\"Vehicle Class\",\"Engine Size(L)\",\"Cylinders\",\"Transmission\",\"Fuel Consumption City (L\\u002f100 km)\",\"Fuel Consumption Hwy (L\\u002f100 km)\",\"Fuel Consumption Comb (L\\u002f100 km)\",\"Fuel Consumption Comb (mpg)\",\"Fuel Type_D\",\"Fuel Type_E\",\"Fuel Type_N\",\"Fuel Type_X\",\"Fuel Type_Z\"],\"y\":[\"Make\",\"Vehicle Class\",\"Engine Size(L)\",\"Cylinders\",\"Transmission\",\"Fuel Consumption City (L\\u002f100 km)\",\"Fuel Consumption Hwy (L\\u002f100 km)\",\"Fuel Consumption Comb (L\\u002f100 km)\",\"Fuel Consumption Comb (mpg)\",\"Fuel Type_D\",\"Fuel Type_E\",\"Fuel Type_N\",\"Fuel Type_X\",\"Fuel Type_Z\"],\"z\":[[1.0,0.34446210551418194,0.5607994455315538,0.6131487882319401,0.4321967453839702,0.5908736366837732,0.519154148779118,0.573056257228511,-0.5469511223908058,0.05605539167756944,0.13653503967062955,0.004757603878702112,-0.3029821892936865,0.22823610033918304],[0.34446210551418194,1.0,0.5113122624651866,0.44196048304762114,0.3664730313224154,0.5770539071178398,0.650536317580641,0.6096384078092372,-0.5384423361682781,0.05150010214682446,0.23029164070873953,-0.009503841581443795,-0.026898439787243145,-0.08982436292257619],[0.5607994455315538,0.5113122624651866,1.0,0.9276528990283578,0.45591632377568464,0.8313787631638315,0.761525986869883,0.8170599932705092,-0.7578538501925545,-0.06805491223844348,0.16482792807963154,0.003780907668973918,-0.23602293822334852,0.18634642834294918],[0.6131487882319401,0.44196048304762114,0.9276528990283578,1.0,0.43299172643501216,0.8007017705417654,0.7152518411619877,0.7805339373080593,-0.7193206801979056,-0.053872602589394816,0.11830200840800867,0.002450535028804932,-0.31035958734031777,0.277498790528514],[0.4321967453839702,0.3664730313224154,0.45591632377568464,0.43299172643501216,1.0,0.5085329472570315,0.45532772007204314,0.49615678251237144,-0.5631590757305326,0.08810327251901136,0.13610765205104072,-0.0040608849390980535,-0.2869616403173839,0.20263303648684206],[0.5908736366837732,0.5770539071178398,0.8313787631638315,0.8007017705417654,0.5085329472570315,1.0,0.9481800107827564,0.9938096537054609,-0.9270587798567249,-0.11122786082825535,0.4509964468711382,0.008789320849685424,-0.32199155664808515,0.1602328751717671],[0.519154148779118,0.650536317580641,0.761525986869883,0.7152518411619877,0.45532772007204314,0.9481800107827564,1.0,0.9772988402878405,-0.8906376757987708,-0.11963071660147619,0.4830365924646364,0.0023977488231367193,-0.25773289220168194,0.08403169539755649],[0.573056257228511,0.6096384078092372,0.8170599932705092,0.7805339373080593,0.49615678251237144,0.9938096537054609,0.9772988402878405,1.0,-0.9255759090269554,-0.11525179640334852,0.4673939132136387,0.006940335242325074,-0.3032905446206182,0.1354269102278576],[-0.5469511223908058,-0.5384423361682781,-0.7578538501925545,-0.7193206801979056,-0.5631590757305326,-0.9270587798567249,-0.8906376757987708,-0.9255759090269554,1.0,0.11864197261319716,-0.32344376610076603,-0.008821528899526351,0.30923502258779895,-0.20578854516272285],[0.05605539167756944,0.05150010214682446,-0.06805491223844348,-0.053872602589394816,0.08810327251901136,-0.11122786082825535,-0.11963071660147619,-0.11525179640334852,0.11864197261319716,1.0,-0.03577984182679762,-0.0018130323277830427,-0.15346991458349177,-0.13630698871075636],[0.13653503967062955,0.23029164070873953,0.16482792807963154,0.11830200840800867,0.13610765205104072,0.4509964468711382,0.4830365924646364,0.4673939132136387,-0.32344376610076603,-0.03577984182679762,1.0,-0.0026726444084958674,-0.22623452588154266,-0.20093415083346686],[0.004757603878702112,-0.009503841581443795,0.003780907668973918,0.002450535028804932,-0.0040608849390980535,0.008789320849685424,0.0023977488231367193,0.006940335242325074,-0.008821528899526351,-0.0018130323277830427,-0.0026726444084958674,1.0,-0.011463731759057287,-0.01018171385385681],[-0.3029821892936865,-0.026898439787243145,-0.23602293822334852,-0.31035958734031777,-0.2869616403173839,-0.32199155664808515,-0.25773289220168194,-0.3032905446206182,0.30923502258779895,-0.15346991458349177,-0.22623452588154266,-0.011463731759057287,1.0,-0.8618637028803969],[0.22823610033918304,-0.08982436292257619,0.18634642834294918,0.277498790528514,0.20263303648684206,0.1602328751717671,0.08403169539755649,0.1354269102278576,-0.20578854516272285,-0.13630698871075636,-0.20093415083346686,-0.01018171385385681,-0.8618637028803969,1.0]],\"type\":\"heatmap\"}],                        {\"annotations\":[{\"font\":{\"color\":\"#000000\"},\"showarrow\":false,\"text\":\"1.0\",\"x\":\"Make\",\"xref\":\"x\",\"y\":\"Make\",\"yref\":\"y\"},{\"font\":{\"color\":\"#000000\"},\"showarrow\":false,\"text\":\"0.34\",\"x\":\"Vehicle Class\",\"xref\":\"x\",\"y\":\"Make\",\"yref\":\"y\"},{\"font\":{\"color\":\"#000000\"},\"showarrow\":false,\"text\":\"0.56\",\"x\":\"Engine Size(L)\",\"xref\":\"x\",\"y\":\"Make\",\"yref\":\"y\"},{\"font\":{\"color\":\"#000000\"},\"showarrow\":false,\"text\":\"0.61\",\"x\":\"Cylinders\",\"xref\":\"x\",\"y\":\"Make\",\"yref\":\"y\"},{\"font\":{\"color\":\"#000000\"},\"showarrow\":false,\"text\":\"0.43\",\"x\":\"Transmission\",\"xref\":\"x\",\"y\":\"Make\",\"yref\":\"y\"},{\"font\":{\"color\":\"#000000\"},\"showarrow\":false,\"text\":\"0.59\",\"x\":\"Fuel Consumption City (L\\u002f100 km)\",\"xref\":\"x\",\"y\":\"Make\",\"yref\":\"y\"},{\"font\":{\"color\":\"#000000\"},\"showarrow\":false,\"text\":\"0.52\",\"x\":\"Fuel Consumption Hwy (L\\u002f100 km)\",\"xref\":\"x\",\"y\":\"Make\",\"yref\":\"y\"},{\"font\":{\"color\":\"#000000\"},\"showarrow\":false,\"text\":\"0.57\",\"x\":\"Fuel Consumption Comb (L\\u002f100 km)\",\"xref\":\"x\",\"y\":\"Make\",\"yref\":\"y\"},{\"font\":{\"color\":\"#FFFFFF\"},\"showarrow\":false,\"text\":\"-0.55\",\"x\":\"Fuel Consumption Comb (mpg)\",\"xref\":\"x\",\"y\":\"Make\",\"yref\":\"y\"},{\"font\":{\"color\":\"#000000\"},\"showarrow\":false,\"text\":\"0.06\",\"x\":\"Fuel Type_D\",\"xref\":\"x\",\"y\":\"Make\",\"yref\":\"y\"},{\"font\":{\"color\":\"#000000\"},\"showarrow\":false,\"text\":\"0.14\",\"x\":\"Fuel Type_E\",\"xref\":\"x\",\"y\":\"Make\",\"yref\":\"y\"},{\"font\":{\"color\":\"#FFFFFF\"},\"showarrow\":false,\"text\":\"0.0\",\"x\":\"Fuel Type_N\",\"xref\":\"x\",\"y\":\"Make\",\"yref\":\"y\"},{\"font\":{\"color\":\"#FFFFFF\"},\"showarrow\":false,\"text\":\"-0.3\",\"x\":\"Fuel Type_X\",\"xref\":\"x\",\"y\":\"Make\",\"yref\":\"y\"},{\"font\":{\"color\":\"#000000\"},\"showarrow\":false,\"text\":\"0.23\",\"x\":\"Fuel Type_Z\",\"xref\":\"x\",\"y\":\"Make\",\"yref\":\"y\"},{\"font\":{\"color\":\"#000000\"},\"showarrow\":false,\"text\":\"0.34\",\"x\":\"Make\",\"xref\":\"x\",\"y\":\"Vehicle Class\",\"yref\":\"y\"},{\"font\":{\"color\":\"#000000\"},\"showarrow\":false,\"text\":\"1.0\",\"x\":\"Vehicle Class\",\"xref\":\"x\",\"y\":\"Vehicle Class\",\"yref\":\"y\"},{\"font\":{\"color\":\"#000000\"},\"showarrow\":false,\"text\":\"0.51\",\"x\":\"Engine Size(L)\",\"xref\":\"x\",\"y\":\"Vehicle Class\",\"yref\":\"y\"},{\"font\":{\"color\":\"#000000\"},\"showarrow\":false,\"text\":\"0.44\",\"x\":\"Cylinders\",\"xref\":\"x\",\"y\":\"Vehicle Class\",\"yref\":\"y\"},{\"font\":{\"color\":\"#000000\"},\"showarrow\":false,\"text\":\"0.37\",\"x\":\"Transmission\",\"xref\":\"x\",\"y\":\"Vehicle Class\",\"yref\":\"y\"},{\"font\":{\"color\":\"#000000\"},\"showarrow\":false,\"text\":\"0.58\",\"x\":\"Fuel Consumption City (L\\u002f100 km)\",\"xref\":\"x\",\"y\":\"Vehicle Class\",\"yref\":\"y\"},{\"font\":{\"color\":\"#000000\"},\"showarrow\":false,\"text\":\"0.65\",\"x\":\"Fuel Consumption Hwy (L\\u002f100 km)\",\"xref\":\"x\",\"y\":\"Vehicle Class\",\"yref\":\"y\"},{\"font\":{\"color\":\"#000000\"},\"showarrow\":false,\"text\":\"0.61\",\"x\":\"Fuel Consumption Comb (L\\u002f100 km)\",\"xref\":\"x\",\"y\":\"Vehicle Class\",\"yref\":\"y\"},{\"font\":{\"color\":\"#FFFFFF\"},\"showarrow\":false,\"text\":\"-0.54\",\"x\":\"Fuel Consumption Comb (mpg)\",\"xref\":\"x\",\"y\":\"Vehicle Class\",\"yref\":\"y\"},{\"font\":{\"color\":\"#000000\"},\"showarrow\":false,\"text\":\"0.05\",\"x\":\"Fuel Type_D\",\"xref\":\"x\",\"y\":\"Vehicle Class\",\"yref\":\"y\"},{\"font\":{\"color\":\"#000000\"},\"showarrow\":false,\"text\":\"0.23\",\"x\":\"Fuel Type_E\",\"xref\":\"x\",\"y\":\"Vehicle Class\",\"yref\":\"y\"},{\"font\":{\"color\":\"#FFFFFF\"},\"showarrow\":false,\"text\":\"-0.01\",\"x\":\"Fuel Type_N\",\"xref\":\"x\",\"y\":\"Vehicle Class\",\"yref\":\"y\"},{\"font\":{\"color\":\"#FFFFFF\"},\"showarrow\":false,\"text\":\"-0.03\",\"x\":\"Fuel Type_X\",\"xref\":\"x\",\"y\":\"Vehicle Class\",\"yref\":\"y\"},{\"font\":{\"color\":\"#FFFFFF\"},\"showarrow\":false,\"text\":\"-0.09\",\"x\":\"Fuel Type_Z\",\"xref\":\"x\",\"y\":\"Vehicle Class\",\"yref\":\"y\"},{\"font\":{\"color\":\"#000000\"},\"showarrow\":false,\"text\":\"0.56\",\"x\":\"Make\",\"xref\":\"x\",\"y\":\"Engine Size(L)\",\"yref\":\"y\"},{\"font\":{\"color\":\"#000000\"},\"showarrow\":false,\"text\":\"0.51\",\"x\":\"Vehicle Class\",\"xref\":\"x\",\"y\":\"Engine Size(L)\",\"yref\":\"y\"},{\"font\":{\"color\":\"#000000\"},\"showarrow\":false,\"text\":\"1.0\",\"x\":\"Engine Size(L)\",\"xref\":\"x\",\"y\":\"Engine Size(L)\",\"yref\":\"y\"},{\"font\":{\"color\":\"#000000\"},\"showarrow\":false,\"text\":\"0.93\",\"x\":\"Cylinders\",\"xref\":\"x\",\"y\":\"Engine Size(L)\",\"yref\":\"y\"},{\"font\":{\"color\":\"#000000\"},\"showarrow\":false,\"text\":\"0.46\",\"x\":\"Transmission\",\"xref\":\"x\",\"y\":\"Engine Size(L)\",\"yref\":\"y\"},{\"font\":{\"color\":\"#000000\"},\"showarrow\":false,\"text\":\"0.83\",\"x\":\"Fuel Consumption City (L\\u002f100 km)\",\"xref\":\"x\",\"y\":\"Engine Size(L)\",\"yref\":\"y\"},{\"font\":{\"color\":\"#000000\"},\"showarrow\":false,\"text\":\"0.76\",\"x\":\"Fuel Consumption Hwy (L\\u002f100 km)\",\"xref\":\"x\",\"y\":\"Engine Size(L)\",\"yref\":\"y\"},{\"font\":{\"color\":\"#000000\"},\"showarrow\":false,\"text\":\"0.82\",\"x\":\"Fuel Consumption Comb (L\\u002f100 km)\",\"xref\":\"x\",\"y\":\"Engine Size(L)\",\"yref\":\"y\"},{\"font\":{\"color\":\"#FFFFFF\"},\"showarrow\":false,\"text\":\"-0.76\",\"x\":\"Fuel Consumption Comb (mpg)\",\"xref\":\"x\",\"y\":\"Engine Size(L)\",\"yref\":\"y\"},{\"font\":{\"color\":\"#FFFFFF\"},\"showarrow\":false,\"text\":\"-0.07\",\"x\":\"Fuel Type_D\",\"xref\":\"x\",\"y\":\"Engine Size(L)\",\"yref\":\"y\"},{\"font\":{\"color\":\"#000000\"},\"showarrow\":false,\"text\":\"0.16\",\"x\":\"Fuel Type_E\",\"xref\":\"x\",\"y\":\"Engine Size(L)\",\"yref\":\"y\"},{\"font\":{\"color\":\"#FFFFFF\"},\"showarrow\":false,\"text\":\"0.0\",\"x\":\"Fuel Type_N\",\"xref\":\"x\",\"y\":\"Engine Size(L)\",\"yref\":\"y\"},{\"font\":{\"color\":\"#FFFFFF\"},\"showarrow\":false,\"text\":\"-0.24\",\"x\":\"Fuel Type_X\",\"xref\":\"x\",\"y\":\"Engine Size(L)\",\"yref\":\"y\"},{\"font\":{\"color\":\"#000000\"},\"showarrow\":false,\"text\":\"0.19\",\"x\":\"Fuel Type_Z\",\"xref\":\"x\",\"y\":\"Engine Size(L)\",\"yref\":\"y\"},{\"font\":{\"color\":\"#000000\"},\"showarrow\":false,\"text\":\"0.61\",\"x\":\"Make\",\"xref\":\"x\",\"y\":\"Cylinders\",\"yref\":\"y\"},{\"font\":{\"color\":\"#000000\"},\"showarrow\":false,\"text\":\"0.44\",\"x\":\"Vehicle Class\",\"xref\":\"x\",\"y\":\"Cylinders\",\"yref\":\"y\"},{\"font\":{\"color\":\"#000000\"},\"showarrow\":false,\"text\":\"0.93\",\"x\":\"Engine Size(L)\",\"xref\":\"x\",\"y\":\"Cylinders\",\"yref\":\"y\"},{\"font\":{\"color\":\"#000000\"},\"showarrow\":false,\"text\":\"1.0\",\"x\":\"Cylinders\",\"xref\":\"x\",\"y\":\"Cylinders\",\"yref\":\"y\"},{\"font\":{\"color\":\"#000000\"},\"showarrow\":false,\"text\":\"0.43\",\"x\":\"Transmission\",\"xref\":\"x\",\"y\":\"Cylinders\",\"yref\":\"y\"},{\"font\":{\"color\":\"#000000\"},\"showarrow\":false,\"text\":\"0.8\",\"x\":\"Fuel Consumption City (L\\u002f100 km)\",\"xref\":\"x\",\"y\":\"Cylinders\",\"yref\":\"y\"},{\"font\":{\"color\":\"#000000\"},\"showarrow\":false,\"text\":\"0.72\",\"x\":\"Fuel Consumption Hwy (L\\u002f100 km)\",\"xref\":\"x\",\"y\":\"Cylinders\",\"yref\":\"y\"},{\"font\":{\"color\":\"#000000\"},\"showarrow\":false,\"text\":\"0.78\",\"x\":\"Fuel Consumption Comb (L\\u002f100 km)\",\"xref\":\"x\",\"y\":\"Cylinders\",\"yref\":\"y\"},{\"font\":{\"color\":\"#FFFFFF\"},\"showarrow\":false,\"text\":\"-0.72\",\"x\":\"Fuel Consumption Comb (mpg)\",\"xref\":\"x\",\"y\":\"Cylinders\",\"yref\":\"y\"},{\"font\":{\"color\":\"#FFFFFF\"},\"showarrow\":false,\"text\":\"-0.05\",\"x\":\"Fuel Type_D\",\"xref\":\"x\",\"y\":\"Cylinders\",\"yref\":\"y\"},{\"font\":{\"color\":\"#000000\"},\"showarrow\":false,\"text\":\"0.12\",\"x\":\"Fuel Type_E\",\"xref\":\"x\",\"y\":\"Cylinders\",\"yref\":\"y\"},{\"font\":{\"color\":\"#FFFFFF\"},\"showarrow\":false,\"text\":\"0.0\",\"x\":\"Fuel Type_N\",\"xref\":\"x\",\"y\":\"Cylinders\",\"yref\":\"y\"},{\"font\":{\"color\":\"#FFFFFF\"},\"showarrow\":false,\"text\":\"-0.31\",\"x\":\"Fuel Type_X\",\"xref\":\"x\",\"y\":\"Cylinders\",\"yref\":\"y\"},{\"font\":{\"color\":\"#000000\"},\"showarrow\":false,\"text\":\"0.28\",\"x\":\"Fuel Type_Z\",\"xref\":\"x\",\"y\":\"Cylinders\",\"yref\":\"y\"},{\"font\":{\"color\":\"#000000\"},\"showarrow\":false,\"text\":\"0.43\",\"x\":\"Make\",\"xref\":\"x\",\"y\":\"Transmission\",\"yref\":\"y\"},{\"font\":{\"color\":\"#000000\"},\"showarrow\":false,\"text\":\"0.37\",\"x\":\"Vehicle Class\",\"xref\":\"x\",\"y\":\"Transmission\",\"yref\":\"y\"},{\"font\":{\"color\":\"#000000\"},\"showarrow\":false,\"text\":\"0.46\",\"x\":\"Engine Size(L)\",\"xref\":\"x\",\"y\":\"Transmission\",\"yref\":\"y\"},{\"font\":{\"color\":\"#000000\"},\"showarrow\":false,\"text\":\"0.43\",\"x\":\"Cylinders\",\"xref\":\"x\",\"y\":\"Transmission\",\"yref\":\"y\"},{\"font\":{\"color\":\"#000000\"},\"showarrow\":false,\"text\":\"1.0\",\"x\":\"Transmission\",\"xref\":\"x\",\"y\":\"Transmission\",\"yref\":\"y\"},{\"font\":{\"color\":\"#000000\"},\"showarrow\":false,\"text\":\"0.51\",\"x\":\"Fuel Consumption City (L\\u002f100 km)\",\"xref\":\"x\",\"y\":\"Transmission\",\"yref\":\"y\"},{\"font\":{\"color\":\"#000000\"},\"showarrow\":false,\"text\":\"0.46\",\"x\":\"Fuel Consumption Hwy (L\\u002f100 km)\",\"xref\":\"x\",\"y\":\"Transmission\",\"yref\":\"y\"},{\"font\":{\"color\":\"#000000\"},\"showarrow\":false,\"text\":\"0.5\",\"x\":\"Fuel Consumption Comb (L\\u002f100 km)\",\"xref\":\"x\",\"y\":\"Transmission\",\"yref\":\"y\"},{\"font\":{\"color\":\"#FFFFFF\"},\"showarrow\":false,\"text\":\"-0.56\",\"x\":\"Fuel Consumption Comb (mpg)\",\"xref\":\"x\",\"y\":\"Transmission\",\"yref\":\"y\"},{\"font\":{\"color\":\"#000000\"},\"showarrow\":false,\"text\":\"0.09\",\"x\":\"Fuel Type_D\",\"xref\":\"x\",\"y\":\"Transmission\",\"yref\":\"y\"},{\"font\":{\"color\":\"#000000\"},\"showarrow\":false,\"text\":\"0.14\",\"x\":\"Fuel Type_E\",\"xref\":\"x\",\"y\":\"Transmission\",\"yref\":\"y\"},{\"font\":{\"color\":\"#FFFFFF\"},\"showarrow\":false,\"text\":\"-0.0\",\"x\":\"Fuel Type_N\",\"xref\":\"x\",\"y\":\"Transmission\",\"yref\":\"y\"},{\"font\":{\"color\":\"#FFFFFF\"},\"showarrow\":false,\"text\":\"-0.29\",\"x\":\"Fuel Type_X\",\"xref\":\"x\",\"y\":\"Transmission\",\"yref\":\"y\"},{\"font\":{\"color\":\"#000000\"},\"showarrow\":false,\"text\":\"0.2\",\"x\":\"Fuel Type_Z\",\"xref\":\"x\",\"y\":\"Transmission\",\"yref\":\"y\"},{\"font\":{\"color\":\"#000000\"},\"showarrow\":false,\"text\":\"0.59\",\"x\":\"Make\",\"xref\":\"x\",\"y\":\"Fuel Consumption City (L\\u002f100 km)\",\"yref\":\"y\"},{\"font\":{\"color\":\"#000000\"},\"showarrow\":false,\"text\":\"0.58\",\"x\":\"Vehicle Class\",\"xref\":\"x\",\"y\":\"Fuel Consumption City (L\\u002f100 km)\",\"yref\":\"y\"},{\"font\":{\"color\":\"#000000\"},\"showarrow\":false,\"text\":\"0.83\",\"x\":\"Engine Size(L)\",\"xref\":\"x\",\"y\":\"Fuel Consumption City (L\\u002f100 km)\",\"yref\":\"y\"},{\"font\":{\"color\":\"#000000\"},\"showarrow\":false,\"text\":\"0.8\",\"x\":\"Cylinders\",\"xref\":\"x\",\"y\":\"Fuel Consumption City (L\\u002f100 km)\",\"yref\":\"y\"},{\"font\":{\"color\":\"#000000\"},\"showarrow\":false,\"text\":\"0.51\",\"x\":\"Transmission\",\"xref\":\"x\",\"y\":\"Fuel Consumption City (L\\u002f100 km)\",\"yref\":\"y\"},{\"font\":{\"color\":\"#000000\"},\"showarrow\":false,\"text\":\"1.0\",\"x\":\"Fuel Consumption City (L\\u002f100 km)\",\"xref\":\"x\",\"y\":\"Fuel Consumption City (L\\u002f100 km)\",\"yref\":\"y\"},{\"font\":{\"color\":\"#000000\"},\"showarrow\":false,\"text\":\"0.95\",\"x\":\"Fuel Consumption Hwy (L\\u002f100 km)\",\"xref\":\"x\",\"y\":\"Fuel Consumption City (L\\u002f100 km)\",\"yref\":\"y\"},{\"font\":{\"color\":\"#000000\"},\"showarrow\":false,\"text\":\"0.99\",\"x\":\"Fuel Consumption Comb (L\\u002f100 km)\",\"xref\":\"x\",\"y\":\"Fuel Consumption City (L\\u002f100 km)\",\"yref\":\"y\"},{\"font\":{\"color\":\"#FFFFFF\"},\"showarrow\":false,\"text\":\"-0.93\",\"x\":\"Fuel Consumption Comb (mpg)\",\"xref\":\"x\",\"y\":\"Fuel Consumption City (L\\u002f100 km)\",\"yref\":\"y\"},{\"font\":{\"color\":\"#FFFFFF\"},\"showarrow\":false,\"text\":\"-0.11\",\"x\":\"Fuel Type_D\",\"xref\":\"x\",\"y\":\"Fuel Consumption City (L\\u002f100 km)\",\"yref\":\"y\"},{\"font\":{\"color\":\"#000000\"},\"showarrow\":false,\"text\":\"0.45\",\"x\":\"Fuel Type_E\",\"xref\":\"x\",\"y\":\"Fuel Consumption City (L\\u002f100 km)\",\"yref\":\"y\"},{\"font\":{\"color\":\"#FFFFFF\"},\"showarrow\":false,\"text\":\"0.01\",\"x\":\"Fuel Type_N\",\"xref\":\"x\",\"y\":\"Fuel Consumption City (L\\u002f100 km)\",\"yref\":\"y\"},{\"font\":{\"color\":\"#FFFFFF\"},\"showarrow\":false,\"text\":\"-0.32\",\"x\":\"Fuel Type_X\",\"xref\":\"x\",\"y\":\"Fuel Consumption City (L\\u002f100 km)\",\"yref\":\"y\"},{\"font\":{\"color\":\"#000000\"},\"showarrow\":false,\"text\":\"0.16\",\"x\":\"Fuel Type_Z\",\"xref\":\"x\",\"y\":\"Fuel Consumption City (L\\u002f100 km)\",\"yref\":\"y\"},{\"font\":{\"color\":\"#000000\"},\"showarrow\":false,\"text\":\"0.52\",\"x\":\"Make\",\"xref\":\"x\",\"y\":\"Fuel Consumption Hwy (L\\u002f100 km)\",\"yref\":\"y\"},{\"font\":{\"color\":\"#000000\"},\"showarrow\":false,\"text\":\"0.65\",\"x\":\"Vehicle Class\",\"xref\":\"x\",\"y\":\"Fuel Consumption Hwy (L\\u002f100 km)\",\"yref\":\"y\"},{\"font\":{\"color\":\"#000000\"},\"showarrow\":false,\"text\":\"0.76\",\"x\":\"Engine Size(L)\",\"xref\":\"x\",\"y\":\"Fuel Consumption Hwy (L\\u002f100 km)\",\"yref\":\"y\"},{\"font\":{\"color\":\"#000000\"},\"showarrow\":false,\"text\":\"0.72\",\"x\":\"Cylinders\",\"xref\":\"x\",\"y\":\"Fuel Consumption Hwy (L\\u002f100 km)\",\"yref\":\"y\"},{\"font\":{\"color\":\"#000000\"},\"showarrow\":false,\"text\":\"0.46\",\"x\":\"Transmission\",\"xref\":\"x\",\"y\":\"Fuel Consumption Hwy (L\\u002f100 km)\",\"yref\":\"y\"},{\"font\":{\"color\":\"#000000\"},\"showarrow\":false,\"text\":\"0.95\",\"x\":\"Fuel Consumption City (L\\u002f100 km)\",\"xref\":\"x\",\"y\":\"Fuel Consumption Hwy (L\\u002f100 km)\",\"yref\":\"y\"},{\"font\":{\"color\":\"#000000\"},\"showarrow\":false,\"text\":\"1.0\",\"x\":\"Fuel Consumption Hwy (L\\u002f100 km)\",\"xref\":\"x\",\"y\":\"Fuel Consumption Hwy (L\\u002f100 km)\",\"yref\":\"y\"},{\"font\":{\"color\":\"#000000\"},\"showarrow\":false,\"text\":\"0.98\",\"x\":\"Fuel Consumption Comb (L\\u002f100 km)\",\"xref\":\"x\",\"y\":\"Fuel Consumption Hwy (L\\u002f100 km)\",\"yref\":\"y\"},{\"font\":{\"color\":\"#FFFFFF\"},\"showarrow\":false,\"text\":\"-0.89\",\"x\":\"Fuel Consumption Comb (mpg)\",\"xref\":\"x\",\"y\":\"Fuel Consumption Hwy (L\\u002f100 km)\",\"yref\":\"y\"},{\"font\":{\"color\":\"#FFFFFF\"},\"showarrow\":false,\"text\":\"-0.12\",\"x\":\"Fuel Type_D\",\"xref\":\"x\",\"y\":\"Fuel Consumption Hwy (L\\u002f100 km)\",\"yref\":\"y\"},{\"font\":{\"color\":\"#000000\"},\"showarrow\":false,\"text\":\"0.48\",\"x\":\"Fuel Type_E\",\"xref\":\"x\",\"y\":\"Fuel Consumption Hwy (L\\u002f100 km)\",\"yref\":\"y\"},{\"font\":{\"color\":\"#FFFFFF\"},\"showarrow\":false,\"text\":\"0.0\",\"x\":\"Fuel Type_N\",\"xref\":\"x\",\"y\":\"Fuel Consumption Hwy (L\\u002f100 km)\",\"yref\":\"y\"},{\"font\":{\"color\":\"#FFFFFF\"},\"showarrow\":false,\"text\":\"-0.26\",\"x\":\"Fuel Type_X\",\"xref\":\"x\",\"y\":\"Fuel Consumption Hwy (L\\u002f100 km)\",\"yref\":\"y\"},{\"font\":{\"color\":\"#000000\"},\"showarrow\":false,\"text\":\"0.08\",\"x\":\"Fuel Type_Z\",\"xref\":\"x\",\"y\":\"Fuel Consumption Hwy (L\\u002f100 km)\",\"yref\":\"y\"},{\"font\":{\"color\":\"#000000\"},\"showarrow\":false,\"text\":\"0.57\",\"x\":\"Make\",\"xref\":\"x\",\"y\":\"Fuel Consumption Comb (L\\u002f100 km)\",\"yref\":\"y\"},{\"font\":{\"color\":\"#000000\"},\"showarrow\":false,\"text\":\"0.61\",\"x\":\"Vehicle Class\",\"xref\":\"x\",\"y\":\"Fuel Consumption Comb (L\\u002f100 km)\",\"yref\":\"y\"},{\"font\":{\"color\":\"#000000\"},\"showarrow\":false,\"text\":\"0.82\",\"x\":\"Engine Size(L)\",\"xref\":\"x\",\"y\":\"Fuel Consumption Comb (L\\u002f100 km)\",\"yref\":\"y\"},{\"font\":{\"color\":\"#000000\"},\"showarrow\":false,\"text\":\"0.78\",\"x\":\"Cylinders\",\"xref\":\"x\",\"y\":\"Fuel Consumption Comb (L\\u002f100 km)\",\"yref\":\"y\"},{\"font\":{\"color\":\"#000000\"},\"showarrow\":false,\"text\":\"0.5\",\"x\":\"Transmission\",\"xref\":\"x\",\"y\":\"Fuel Consumption Comb (L\\u002f100 km)\",\"yref\":\"y\"},{\"font\":{\"color\":\"#000000\"},\"showarrow\":false,\"text\":\"0.99\",\"x\":\"Fuel Consumption City (L\\u002f100 km)\",\"xref\":\"x\",\"y\":\"Fuel Consumption Comb (L\\u002f100 km)\",\"yref\":\"y\"},{\"font\":{\"color\":\"#000000\"},\"showarrow\":false,\"text\":\"0.98\",\"x\":\"Fuel Consumption Hwy (L\\u002f100 km)\",\"xref\":\"x\",\"y\":\"Fuel Consumption Comb (L\\u002f100 km)\",\"yref\":\"y\"},{\"font\":{\"color\":\"#000000\"},\"showarrow\":false,\"text\":\"1.0\",\"x\":\"Fuel Consumption Comb (L\\u002f100 km)\",\"xref\":\"x\",\"y\":\"Fuel Consumption Comb (L\\u002f100 km)\",\"yref\":\"y\"},{\"font\":{\"color\":\"#FFFFFF\"},\"showarrow\":false,\"text\":\"-0.93\",\"x\":\"Fuel Consumption Comb (mpg)\",\"xref\":\"x\",\"y\":\"Fuel Consumption Comb (L\\u002f100 km)\",\"yref\":\"y\"},{\"font\":{\"color\":\"#FFFFFF\"},\"showarrow\":false,\"text\":\"-0.12\",\"x\":\"Fuel Type_D\",\"xref\":\"x\",\"y\":\"Fuel Consumption Comb (L\\u002f100 km)\",\"yref\":\"y\"},{\"font\":{\"color\":\"#000000\"},\"showarrow\":false,\"text\":\"0.47\",\"x\":\"Fuel Type_E\",\"xref\":\"x\",\"y\":\"Fuel Consumption Comb (L\\u002f100 km)\",\"yref\":\"y\"},{\"font\":{\"color\":\"#FFFFFF\"},\"showarrow\":false,\"text\":\"0.01\",\"x\":\"Fuel Type_N\",\"xref\":\"x\",\"y\":\"Fuel Consumption Comb (L\\u002f100 km)\",\"yref\":\"y\"},{\"font\":{\"color\":\"#FFFFFF\"},\"showarrow\":false,\"text\":\"-0.3\",\"x\":\"Fuel Type_X\",\"xref\":\"x\",\"y\":\"Fuel Consumption Comb (L\\u002f100 km)\",\"yref\":\"y\"},{\"font\":{\"color\":\"#000000\"},\"showarrow\":false,\"text\":\"0.14\",\"x\":\"Fuel Type_Z\",\"xref\":\"x\",\"y\":\"Fuel Consumption Comb (L\\u002f100 km)\",\"yref\":\"y\"},{\"font\":{\"color\":\"#FFFFFF\"},\"showarrow\":false,\"text\":\"-0.55\",\"x\":\"Make\",\"xref\":\"x\",\"y\":\"Fuel Consumption Comb (mpg)\",\"yref\":\"y\"},{\"font\":{\"color\":\"#FFFFFF\"},\"showarrow\":false,\"text\":\"-0.54\",\"x\":\"Vehicle Class\",\"xref\":\"x\",\"y\":\"Fuel Consumption Comb (mpg)\",\"yref\":\"y\"},{\"font\":{\"color\":\"#FFFFFF\"},\"showarrow\":false,\"text\":\"-0.76\",\"x\":\"Engine Size(L)\",\"xref\":\"x\",\"y\":\"Fuel Consumption Comb (mpg)\",\"yref\":\"y\"},{\"font\":{\"color\":\"#FFFFFF\"},\"showarrow\":false,\"text\":\"-0.72\",\"x\":\"Cylinders\",\"xref\":\"x\",\"y\":\"Fuel Consumption Comb (mpg)\",\"yref\":\"y\"},{\"font\":{\"color\":\"#FFFFFF\"},\"showarrow\":false,\"text\":\"-0.56\",\"x\":\"Transmission\",\"xref\":\"x\",\"y\":\"Fuel Consumption Comb (mpg)\",\"yref\":\"y\"},{\"font\":{\"color\":\"#FFFFFF\"},\"showarrow\":false,\"text\":\"-0.93\",\"x\":\"Fuel Consumption City (L\\u002f100 km)\",\"xref\":\"x\",\"y\":\"Fuel Consumption Comb (mpg)\",\"yref\":\"y\"},{\"font\":{\"color\":\"#FFFFFF\"},\"showarrow\":false,\"text\":\"-0.89\",\"x\":\"Fuel Consumption Hwy (L\\u002f100 km)\",\"xref\":\"x\",\"y\":\"Fuel Consumption Comb (mpg)\",\"yref\":\"y\"},{\"font\":{\"color\":\"#FFFFFF\"},\"showarrow\":false,\"text\":\"-0.93\",\"x\":\"Fuel Consumption Comb (L\\u002f100 km)\",\"xref\":\"x\",\"y\":\"Fuel Consumption Comb (mpg)\",\"yref\":\"y\"},{\"font\":{\"color\":\"#000000\"},\"showarrow\":false,\"text\":\"1.0\",\"x\":\"Fuel Consumption Comb (mpg)\",\"xref\":\"x\",\"y\":\"Fuel Consumption Comb (mpg)\",\"yref\":\"y\"},{\"font\":{\"color\":\"#000000\"},\"showarrow\":false,\"text\":\"0.12\",\"x\":\"Fuel Type_D\",\"xref\":\"x\",\"y\":\"Fuel Consumption Comb (mpg)\",\"yref\":\"y\"},{\"font\":{\"color\":\"#FFFFFF\"},\"showarrow\":false,\"text\":\"-0.32\",\"x\":\"Fuel Type_E\",\"xref\":\"x\",\"y\":\"Fuel Consumption Comb (mpg)\",\"yref\":\"y\"},{\"font\":{\"color\":\"#FFFFFF\"},\"showarrow\":false,\"text\":\"-0.01\",\"x\":\"Fuel Type_N\",\"xref\":\"x\",\"y\":\"Fuel Consumption Comb (mpg)\",\"yref\":\"y\"},{\"font\":{\"color\":\"#000000\"},\"showarrow\":false,\"text\":\"0.31\",\"x\":\"Fuel Type_X\",\"xref\":\"x\",\"y\":\"Fuel Consumption Comb (mpg)\",\"yref\":\"y\"},{\"font\":{\"color\":\"#FFFFFF\"},\"showarrow\":false,\"text\":\"-0.21\",\"x\":\"Fuel Type_Z\",\"xref\":\"x\",\"y\":\"Fuel Consumption Comb (mpg)\",\"yref\":\"y\"},{\"font\":{\"color\":\"#000000\"},\"showarrow\":false,\"text\":\"0.06\",\"x\":\"Make\",\"xref\":\"x\",\"y\":\"Fuel Type_D\",\"yref\":\"y\"},{\"font\":{\"color\":\"#000000\"},\"showarrow\":false,\"text\":\"0.05\",\"x\":\"Vehicle Class\",\"xref\":\"x\",\"y\":\"Fuel Type_D\",\"yref\":\"y\"},{\"font\":{\"color\":\"#FFFFFF\"},\"showarrow\":false,\"text\":\"-0.07\",\"x\":\"Engine Size(L)\",\"xref\":\"x\",\"y\":\"Fuel Type_D\",\"yref\":\"y\"},{\"font\":{\"color\":\"#FFFFFF\"},\"showarrow\":false,\"text\":\"-0.05\",\"x\":\"Cylinders\",\"xref\":\"x\",\"y\":\"Fuel Type_D\",\"yref\":\"y\"},{\"font\":{\"color\":\"#000000\"},\"showarrow\":false,\"text\":\"0.09\",\"x\":\"Transmission\",\"xref\":\"x\",\"y\":\"Fuel Type_D\",\"yref\":\"y\"},{\"font\":{\"color\":\"#FFFFFF\"},\"showarrow\":false,\"text\":\"-0.11\",\"x\":\"Fuel Consumption City (L\\u002f100 km)\",\"xref\":\"x\",\"y\":\"Fuel Type_D\",\"yref\":\"y\"},{\"font\":{\"color\":\"#FFFFFF\"},\"showarrow\":false,\"text\":\"-0.12\",\"x\":\"Fuel Consumption Hwy (L\\u002f100 km)\",\"xref\":\"x\",\"y\":\"Fuel Type_D\",\"yref\":\"y\"},{\"font\":{\"color\":\"#FFFFFF\"},\"showarrow\":false,\"text\":\"-0.12\",\"x\":\"Fuel Consumption Comb (L\\u002f100 km)\",\"xref\":\"x\",\"y\":\"Fuel Type_D\",\"yref\":\"y\"},{\"font\":{\"color\":\"#000000\"},\"showarrow\":false,\"text\":\"0.12\",\"x\":\"Fuel Consumption Comb (mpg)\",\"xref\":\"x\",\"y\":\"Fuel Type_D\",\"yref\":\"y\"},{\"font\":{\"color\":\"#000000\"},\"showarrow\":false,\"text\":\"1.0\",\"x\":\"Fuel Type_D\",\"xref\":\"x\",\"y\":\"Fuel Type_D\",\"yref\":\"y\"},{\"font\":{\"color\":\"#FFFFFF\"},\"showarrow\":false,\"text\":\"-0.04\",\"x\":\"Fuel Type_E\",\"xref\":\"x\",\"y\":\"Fuel Type_D\",\"yref\":\"y\"},{\"font\":{\"color\":\"#FFFFFF\"},\"showarrow\":false,\"text\":\"-0.0\",\"x\":\"Fuel Type_N\",\"xref\":\"x\",\"y\":\"Fuel Type_D\",\"yref\":\"y\"},{\"font\":{\"color\":\"#FFFFFF\"},\"showarrow\":false,\"text\":\"-0.15\",\"x\":\"Fuel Type_X\",\"xref\":\"x\",\"y\":\"Fuel Type_D\",\"yref\":\"y\"},{\"font\":{\"color\":\"#FFFFFF\"},\"showarrow\":false,\"text\":\"-0.14\",\"x\":\"Fuel Type_Z\",\"xref\":\"x\",\"y\":\"Fuel Type_D\",\"yref\":\"y\"},{\"font\":{\"color\":\"#000000\"},\"showarrow\":false,\"text\":\"0.14\",\"x\":\"Make\",\"xref\":\"x\",\"y\":\"Fuel Type_E\",\"yref\":\"y\"},{\"font\":{\"color\":\"#000000\"},\"showarrow\":false,\"text\":\"0.23\",\"x\":\"Vehicle Class\",\"xref\":\"x\",\"y\":\"Fuel Type_E\",\"yref\":\"y\"},{\"font\":{\"color\":\"#000000\"},\"showarrow\":false,\"text\":\"0.16\",\"x\":\"Engine Size(L)\",\"xref\":\"x\",\"y\":\"Fuel Type_E\",\"yref\":\"y\"},{\"font\":{\"color\":\"#000000\"},\"showarrow\":false,\"text\":\"0.12\",\"x\":\"Cylinders\",\"xref\":\"x\",\"y\":\"Fuel Type_E\",\"yref\":\"y\"},{\"font\":{\"color\":\"#000000\"},\"showarrow\":false,\"text\":\"0.14\",\"x\":\"Transmission\",\"xref\":\"x\",\"y\":\"Fuel Type_E\",\"yref\":\"y\"},{\"font\":{\"color\":\"#000000\"},\"showarrow\":false,\"text\":\"0.45\",\"x\":\"Fuel Consumption City (L\\u002f100 km)\",\"xref\":\"x\",\"y\":\"Fuel Type_E\",\"yref\":\"y\"},{\"font\":{\"color\":\"#000000\"},\"showarrow\":false,\"text\":\"0.48\",\"x\":\"Fuel Consumption Hwy (L\\u002f100 km)\",\"xref\":\"x\",\"y\":\"Fuel Type_E\",\"yref\":\"y\"},{\"font\":{\"color\":\"#000000\"},\"showarrow\":false,\"text\":\"0.47\",\"x\":\"Fuel Consumption Comb (L\\u002f100 km)\",\"xref\":\"x\",\"y\":\"Fuel Type_E\",\"yref\":\"y\"},{\"font\":{\"color\":\"#FFFFFF\"},\"showarrow\":false,\"text\":\"-0.32\",\"x\":\"Fuel Consumption Comb (mpg)\",\"xref\":\"x\",\"y\":\"Fuel Type_E\",\"yref\":\"y\"},{\"font\":{\"color\":\"#FFFFFF\"},\"showarrow\":false,\"text\":\"-0.04\",\"x\":\"Fuel Type_D\",\"xref\":\"x\",\"y\":\"Fuel Type_E\",\"yref\":\"y\"},{\"font\":{\"color\":\"#000000\"},\"showarrow\":false,\"text\":\"1.0\",\"x\":\"Fuel Type_E\",\"xref\":\"x\",\"y\":\"Fuel Type_E\",\"yref\":\"y\"},{\"font\":{\"color\":\"#FFFFFF\"},\"showarrow\":false,\"text\":\"-0.0\",\"x\":\"Fuel Type_N\",\"xref\":\"x\",\"y\":\"Fuel Type_E\",\"yref\":\"y\"},{\"font\":{\"color\":\"#FFFFFF\"},\"showarrow\":false,\"text\":\"-0.23\",\"x\":\"Fuel Type_X\",\"xref\":\"x\",\"y\":\"Fuel Type_E\",\"yref\":\"y\"},{\"font\":{\"color\":\"#FFFFFF\"},\"showarrow\":false,\"text\":\"-0.2\",\"x\":\"Fuel Type_Z\",\"xref\":\"x\",\"y\":\"Fuel Type_E\",\"yref\":\"y\"},{\"font\":{\"color\":\"#FFFFFF\"},\"showarrow\":false,\"text\":\"0.0\",\"x\":\"Make\",\"xref\":\"x\",\"y\":\"Fuel Type_N\",\"yref\":\"y\"},{\"font\":{\"color\":\"#FFFFFF\"},\"showarrow\":false,\"text\":\"-0.01\",\"x\":\"Vehicle Class\",\"xref\":\"x\",\"y\":\"Fuel Type_N\",\"yref\":\"y\"},{\"font\":{\"color\":\"#FFFFFF\"},\"showarrow\":false,\"text\":\"0.0\",\"x\":\"Engine Size(L)\",\"xref\":\"x\",\"y\":\"Fuel Type_N\",\"yref\":\"y\"},{\"font\":{\"color\":\"#FFFFFF\"},\"showarrow\":false,\"text\":\"0.0\",\"x\":\"Cylinders\",\"xref\":\"x\",\"y\":\"Fuel Type_N\",\"yref\":\"y\"},{\"font\":{\"color\":\"#FFFFFF\"},\"showarrow\":false,\"text\":\"-0.0\",\"x\":\"Transmission\",\"xref\":\"x\",\"y\":\"Fuel Type_N\",\"yref\":\"y\"},{\"font\":{\"color\":\"#FFFFFF\"},\"showarrow\":false,\"text\":\"0.01\",\"x\":\"Fuel Consumption City (L\\u002f100 km)\",\"xref\":\"x\",\"y\":\"Fuel Type_N\",\"yref\":\"y\"},{\"font\":{\"color\":\"#FFFFFF\"},\"showarrow\":false,\"text\":\"0.0\",\"x\":\"Fuel Consumption Hwy (L\\u002f100 km)\",\"xref\":\"x\",\"y\":\"Fuel Type_N\",\"yref\":\"y\"},{\"font\":{\"color\":\"#FFFFFF\"},\"showarrow\":false,\"text\":\"0.01\",\"x\":\"Fuel Consumption Comb (L\\u002f100 km)\",\"xref\":\"x\",\"y\":\"Fuel Type_N\",\"yref\":\"y\"},{\"font\":{\"color\":\"#FFFFFF\"},\"showarrow\":false,\"text\":\"-0.01\",\"x\":\"Fuel Consumption Comb (mpg)\",\"xref\":\"x\",\"y\":\"Fuel Type_N\",\"yref\":\"y\"},{\"font\":{\"color\":\"#FFFFFF\"},\"showarrow\":false,\"text\":\"-0.0\",\"x\":\"Fuel Type_D\",\"xref\":\"x\",\"y\":\"Fuel Type_N\",\"yref\":\"y\"},{\"font\":{\"color\":\"#FFFFFF\"},\"showarrow\":false,\"text\":\"-0.0\",\"x\":\"Fuel Type_E\",\"xref\":\"x\",\"y\":\"Fuel Type_N\",\"yref\":\"y\"},{\"font\":{\"color\":\"#000000\"},\"showarrow\":false,\"text\":\"1.0\",\"x\":\"Fuel Type_N\",\"xref\":\"x\",\"y\":\"Fuel Type_N\",\"yref\":\"y\"},{\"font\":{\"color\":\"#FFFFFF\"},\"showarrow\":false,\"text\":\"-0.01\",\"x\":\"Fuel Type_X\",\"xref\":\"x\",\"y\":\"Fuel Type_N\",\"yref\":\"y\"},{\"font\":{\"color\":\"#FFFFFF\"},\"showarrow\":false,\"text\":\"-0.01\",\"x\":\"Fuel Type_Z\",\"xref\":\"x\",\"y\":\"Fuel Type_N\",\"yref\":\"y\"},{\"font\":{\"color\":\"#FFFFFF\"},\"showarrow\":false,\"text\":\"-0.3\",\"x\":\"Make\",\"xref\":\"x\",\"y\":\"Fuel Type_X\",\"yref\":\"y\"},{\"font\":{\"color\":\"#FFFFFF\"},\"showarrow\":false,\"text\":\"-0.03\",\"x\":\"Vehicle Class\",\"xref\":\"x\",\"y\":\"Fuel Type_X\",\"yref\":\"y\"},{\"font\":{\"color\":\"#FFFFFF\"},\"showarrow\":false,\"text\":\"-0.24\",\"x\":\"Engine Size(L)\",\"xref\":\"x\",\"y\":\"Fuel Type_X\",\"yref\":\"y\"},{\"font\":{\"color\":\"#FFFFFF\"},\"showarrow\":false,\"text\":\"-0.31\",\"x\":\"Cylinders\",\"xref\":\"x\",\"y\":\"Fuel Type_X\",\"yref\":\"y\"},{\"font\":{\"color\":\"#FFFFFF\"},\"showarrow\":false,\"text\":\"-0.29\",\"x\":\"Transmission\",\"xref\":\"x\",\"y\":\"Fuel Type_X\",\"yref\":\"y\"},{\"font\":{\"color\":\"#FFFFFF\"},\"showarrow\":false,\"text\":\"-0.32\",\"x\":\"Fuel Consumption City (L\\u002f100 km)\",\"xref\":\"x\",\"y\":\"Fuel Type_X\",\"yref\":\"y\"},{\"font\":{\"color\":\"#FFFFFF\"},\"showarrow\":false,\"text\":\"-0.26\",\"x\":\"Fuel Consumption Hwy (L\\u002f100 km)\",\"xref\":\"x\",\"y\":\"Fuel Type_X\",\"yref\":\"y\"},{\"font\":{\"color\":\"#FFFFFF\"},\"showarrow\":false,\"text\":\"-0.3\",\"x\":\"Fuel Consumption Comb (L\\u002f100 km)\",\"xref\":\"x\",\"y\":\"Fuel Type_X\",\"yref\":\"y\"},{\"font\":{\"color\":\"#000000\"},\"showarrow\":false,\"text\":\"0.31\",\"x\":\"Fuel Consumption Comb (mpg)\",\"xref\":\"x\",\"y\":\"Fuel Type_X\",\"yref\":\"y\"},{\"font\":{\"color\":\"#FFFFFF\"},\"showarrow\":false,\"text\":\"-0.15\",\"x\":\"Fuel Type_D\",\"xref\":\"x\",\"y\":\"Fuel Type_X\",\"yref\":\"y\"},{\"font\":{\"color\":\"#FFFFFF\"},\"showarrow\":false,\"text\":\"-0.23\",\"x\":\"Fuel Type_E\",\"xref\":\"x\",\"y\":\"Fuel Type_X\",\"yref\":\"y\"},{\"font\":{\"color\":\"#FFFFFF\"},\"showarrow\":false,\"text\":\"-0.01\",\"x\":\"Fuel Type_N\",\"xref\":\"x\",\"y\":\"Fuel Type_X\",\"yref\":\"y\"},{\"font\":{\"color\":\"#000000\"},\"showarrow\":false,\"text\":\"1.0\",\"x\":\"Fuel Type_X\",\"xref\":\"x\",\"y\":\"Fuel Type_X\",\"yref\":\"y\"},{\"